# (TIME IN YEARS) (ICE AREA IN KM^2)
0.000000 14.969599
0.019328 14.970944
0.039478 14.973365
0.060404 14.978187
0.082200 14.982794
0.105086 14.982833
0.128981 14.984268
0.153634 14.986914
0.179036 14.992261
0.205980 14.996455
0.234778 14.996767
0.264832 14.998557
0.295958 15.001912
0.328289 15.007459
0.363050 15.010029
0.400157 15.010894
0.438855 15.013081
0.478705 15.017495
0.520898 15.022234
0.566444 15.022385
0.614507 15.023822
0.664426 15.026443
0.715853 15.031481
0.770895 15.034834
0.830122 15.035328
0.892144 15.037175
0.956093 15.040572
1.022974 15.045362
1.094930 15.046756
1.171504 15.047795
1.251070 15.049980
1.332869 15.054172
1.419494 15.057949
1.512678 15.058115
1.610635 15.059610
1.711956 15.062176
1.816417 15.066669
1.927846 15.069087
2.047151 15.069705
2.171537 15.071515
2.299475 15.074723
2.433017 15.078807
2.576017 15.079555
2.727551 15.080614
2.884247 15.082689
3.045049 15.086455
3.214606 15.089658
3.396104 15.089866
3.586694 15.091279
3.782971 15.093625
3.985060 15.097586
4.199482 15.099645
4.428033 15.100219
4.666238 15.101889
4.911083 15.104694
5.000000 15.106450
