# (TIME IN YEARS) (ICE AREA IN KM^2)
0.000000 14.952890
0.008743 14.954149
0.017706 14.956537
0.026925 14.958218
0.036401 14.958305
0.046021 14.958866
0.055810 14.960195
0.065817 14.962416
0.076112 14.963778
0.086666 14.963948
0.097396 14.964583
0.108337 14.966219
0.119535 14.968442
0.131083 14.969361
0.142909 14.969666
0.154913 14.970454
0.167078 14.972448
0.179697 14.974474
0.192769 14.974708
0.206051 14.975173
0.219593 14.976258
0.233297 14.978487
0.247651 14.980109
0.262469 14.980229
0.277512 14.980837
0.292762 14.982383
0.308433 14.984584
0.324865 14.985509
0.341694 14.985817
0.358829 14.986605
0.376128 14.988566
0.394171 14.990463
0.412971 14.990529
0.432084 14.991019
0.451561 14.992133
0.471291 14.994285
0.492019 14.995696
0.513437 14.995861
0.535211 14.996489
0.557227 14.998065
0.579950 15.000094
0.603776 15.000742
0.628147 15.001095
0.652965 15.001916
0.678007 15.003837
0.704172 15.005511
0.731393 15.005550
0.759049 15.006066
0.787149 15.007225
0.815726 15.009250
0.845734 15.010401
0.876664 15.010611
0.908091 15.011254
0.939839 15.012825
0.972660 15.014667
1.007007 15.015080
1.042057 15.015462
1.077719 15.016294
1.113699 15.018136
1.151283 15.019623
1.190318 15.019696
1.229949 15.020219
1.270174 15.021373
1.311127 15.023262
1.354065 15.024226
1.398237 15.024460
1.443073 15.025099
1.488357 15.026613
1.535148 15.028304
1.584042 15.028588
1.633864 15.028977
1.684489 15.029786
1.735557 15.031526
1.788827 15.032887
1.844118 15.032971
1.900216 15.033483
1.957156 15.034579
2.015043 15.036349
2.075641 15.037224
2.137956 15.037456
2.201139 15.038074
2.264959 15.039489
2.330759 15.041075
2.399414 15.041335
2.469413 15.041709
2.540430 15.042467
2.612053 15.044089
2.686584 15.045381
2.763972 15.045456
2.842459 15.045943
2.922212 15.046940
3.002986 15.048608
3.087371 15.049475
3.174265 15.049685
3.262285 15.050267
3.351238 15.051552
3.442600 15.053072
3.537819 15.053394
3.635095 15.053735
3.733636 15.054427
3.833005 15.055917
3.936044 15.057184
4.043087 15.057233
4.151718 15.057683
4.261932 15.058553
4.373284 15.060123
4.489378 15.061045
4.609214 15.061215
4.730533 15.061751
4.853289 15.062875
4.978643 15.064355
5.000000 15.064594
