# (TIME IN YEARS) (ICE AREA IN KM^2)
0.000000 14.955939
0.004097 14.955945
0.008374 14.956452
0.012708 14.957215
0.017111 14.957758
0.021554 14.957674
0.025986 14.957632
0.030470 14.958055
0.035001 14.958824
0.039614 14.959509
0.044283 14.959572
0.048941 14.959515
0.053648 14.959923
0.058406 14.960714
0.063259 14.961444
0.068179 14.961518
0.073081 14.961459
0.078027 14.961895
0.083035 14.962727
0.088165 14.963445
0.093362 14.963443
0.098530 14.963392
0.103741 14.963885
0.109010 14.964762
0.114451 14.965422
0.119947 14.965307
0.125398 14.965270
0.130905 14.965840
0.136480 14.966752
0.142246 14.967313
0.148059 14.967208
0.153874 14.967455
0.159691 14.968147
0.165657 14.969038
0.171797 14.969383
0.177957 14.969298
0.184131 14.969661
0.190313 14.970460
0.196718 14.971263
0.203259 14.971363
0.209786 14.971301
0.216351 14.971776
0.222948 14.972649
0.229813 14.973318
0.236775 14.973203
0.243602 14.973166
0.250524 14.973741
0.257573 14.974647
0.264906 14.975167
0.272308 14.975067
0.279716 14.975338
0.287095 14.976054
0.294712 14.976908
0.302566 14.977157
0.310435 14.977081
0.318333 14.977484
0.326233 14.978301
0.334456 14.979027
0.342845 14.979000
0.351115 14.978951
0.359472 14.979463
0.367933 14.980332
0.376760 14.980906
0.385698 14.980803
0.394637 14.981035
0.403528 14.981686
0.412667 14.982535
0.422133 14.982857
0.431644 14.982776
0.441177 14.983131
0.450687 14.983894
0.460570 14.984638
0.470695 14.984685
0.480732 14.984628
0.490849 14.985093
0.501035 14.985920
0.511668 14.986519
0.522462 14.986417
0.532969 14.986376
0.543656 14.986940
0.554575 14.987785
0.565955 14.988223
0.577437 14.988134
0.588929 14.988427
0.600362 14.989118
0.612191 14.989890
0.624380 14.990049
0.636563 14.989982
0.648807 14.990386
0.661044 14.991160
0.673798 14.991801
0.686801 14.991705
0.699535 14.991662
0.712439 14.992157
0.725519 14.992968
0.739183 14.993473
0.753013 14.993381
0.766840 14.993616
0.780578 14.994237
0.794707 14.995013
0.809340 14.995270
0.824024 14.995197
0.838742 14.995544
0.853413 14.996258
0.868657 14.996932
0.884274 14.996936
0.899704 14.996883
0.915282 14.997323
0.930950 14.998089
0.947306 14.998635
0.963914 14.998543
0.980048 14.998499
0.996478 14.999024
1.013235 14.999803
1.030707 15.000201
1.048337 15.000120
1.065970 15.000397
1.083502 15.001033
1.101604 15.001745
1.120277 15.001890
1.138943 15.001827
1.157682 15.002198
1.176381 15.002907
1.195845 15.003508
1.215719 15.003423
1.235212 15.003378
1.254949 15.003828
1.274873 15.004573
1.295684 15.005056
1.316773 15.004972
1.337848 15.005186
1.358785 15.005746
1.380229 15.006467
1.402474 15.006731
1.424828 15.006662
1.447201 15.006971
1.469470 15.007616
1.492540 15.008258
1.516233 15.008294
1.539744 15.008240
1.563456 15.008631
1.587162 15.009329
1.611865 15.009861
1.637014 15.009777
1.661541 15.009730
1.686454 15.010195
1.711703 15.010912
1.738057 15.011321
1.764698 15.011246
1.791318 15.011475
1.817763 15.012038
1.844918 15.012716
1.873025 15.012908
1.901206 15.012845
1.929423 15.013165
1.957525 15.013801
1.986671 15.014392
2.016545 15.014372
2.046041 15.014323
2.075849 15.014715
2.105706 15.015392
2.136832 15.015881
2.168482 15.015803
2.199265 15.015754
2.230585 15.016215
2.262365 15.016903
2.295516 15.017270
2.328999 15.017200
2.362452 15.017444
2.395702 15.017995
2.429861 15.018635
2.465173 15.018787
2.500540 15.018729
2.535951 15.019047
2.571221 15.019663
2.607799 15.020220
2.645267 15.020176
2.682194 15.020129
2.719546 15.020513
2.756951 15.021164
2.795936 15.021626
2.835574 15.021554
2.874107 15.021503
2.913323 15.021950
2.953088 15.022609
2.994561 15.022955
3.036444 15.022889
3.078278 15.023128
3.119864 15.023658
3.162541 15.024270
3.206664 15.024412
3.250861 15.024357
3.295087 15.024664
3.339127 15.025253
3.384755 15.025789
3.431515 15.025746
3.477625 15.025700
3.524271 15.026068
3.570903 15.026691
3.619467 15.027139
3.668877 15.027071
3.716960 15.027020
3.765863 15.027446
3.815354 15.028078
3.866975 15.028417
3.919127 15.028355
3.971202 15.028572
4.022926 15.029076
4.075917 15.029669
4.130765 15.029821
4.185757 15.029767
4.240739 15.030057
4.295448 15.030618
4.352048 15.031141
4.410128 15.031115
4.467544 15.031069
4.525500 15.031416
4.583338 15.032011
4.643524 15.032453
4.704840 15.032389
4.764634 15.032338
4.825399 15.032740
4.886695 15.033346
4.950614 15.033688
5.015269 15.033630
5.079808 15.033833
5.143930 15.034308
5.209437 15.034883
5.277312 15.035051
5.345434 15.034999
5.413499 15.035271
5.481182 15.035801
5.551057 15.036314
5.622875 15.036314
5.694153 15.036268
5.765831 15.036594
5.837263 15.037159
5.911500 15.037599
5.987262 15.037538
6.061350 15.037489
6.136578 15.037866
6.212126 15.038446
6.290877 15.038797
6.370687 15.038741
6.450321 15.038931
6.529509 15.039376
6.610122 15.039933
6.693716 15.040123
6.777747 15.040073
6.861640 15.040325
6.945045 15.040824
7.030910 15.041331
7.119326 15.041361
7.207547 15.041316
7.295819 15.041620
7.383690 15.042156
7.474848 15.042596
7.568058 15.042537
7.659530 15.042491
7.752310 15.042842
7.845030 15.043397
7.941607 15.043759
8.039707 15.043705
8.137571 15.043881
8.235014 15.044296
8.333796 15.044837
8.436262 15.045052
8.539489 15.045004
8.642473 15.045236
8.744874 15.045704
8.849934 15.046204
8.958260 15.046268
9.066641 15.046224
9.174898 15.046504
9.282584 15.047011
9.394024 15.047452
9.508202 15.047396
9.620771 15.047354
9.734396 15.047678
9.847708 15.048206
9.965595 15.048582
10.000000 15.048600
