# (TIME IN YEARS) (ICE AREA IN KM^2)
0.000000 14.953641
0.001950 14.953737
0.003981 14.954092
0.006040 14.954305
0.008102 14.954270
0.010154 14.954271
0.012224 14.954477
0.014310 14.954786
0.016419 14.955004
0.018532 14.955000
0.020634 14.954993
0.022752 14.955173
0.024884 14.955484
0.027042 14.955738
0.029207 14.955777
0.031361 14.955763
0.033530 14.955932
0.035713 14.956247
0.037923 14.956521
0.040143 14.956578
0.042351 14.956562
0.044575 14.956731
0.046813 14.957053
0.049082 14.957335
0.051359 14.957391
0.053624 14.957376
0.055906 14.957555
0.058204 14.957888
0.060535 14.958167
0.062874 14.958207
0.065197 14.958194
0.067540 14.958391
0.069902 14.958738
0.072300 14.959003
0.074703 14.959015
0.077087 14.959007
0.079494 14.959227
0.081927 14.959586
0.084396 14.959831
0.086865 14.959805
0.089312 14.959802
0.091787 14.960051
0.094293 14.960418
0.096835 14.960635
0.099373 14.960595
0.101887 14.960597
0.104435 14.960878
0.107021 14.961246
0.109640 14.961424
0.112249 14.961392
0.114873 14.961521
0.117508 14.961849
0.120189 14.962182
0.122888 14.962279
0.125570 14.962259
0.128273 14.962444
0.131000 14.962801
0.133774 14.963086
0.136554 14.963104
0.139310 14.963096
0.142096 14.963330
0.144916 14.963702
0.147782 14.963935
0.150644 14.963893
0.153478 14.963894
0.156349 14.964173
0.159267 14.964546
0.162224 14.964726
0.165169 14.964693
0.168131 14.964827
0.171109 14.965161
0.174141 14.965491
0.177194 14.965573
0.180223 14.965555
0.183280 14.965754
0.186367 14.966118
0.189510 14.966386
0.192656 14.966375
0.195771 14.966370
0.198923 14.966623
0.202122 14.966997
0.205370 14.967203
0.208610 14.967166
0.211817 14.967168
0.215072 14.967471
0.218387 14.967835
0.221742 14.967973
0.225076 14.967947
0.228432 14.968114
0.231816 14.968465
0.235266 14.968762
0.238728 14.968789
0.242157 14.968779
0.245624 14.969009
0.249136 14.969379
0.252709 14.969605
0.256276 14.969564
0.259804 14.969565
0.263383 14.969849
0.267025 14.970215
0.270716 14.970372
0.274388 14.970343
0.278077 14.970492
0.281798 14.970831
0.285590 14.971138
0.289402 14.971184
0.293178 14.971171
0.296991 14.971387
0.300853 14.971749
0.304785 14.971985
0.308714 14.971943
0.312597 14.971942
0.316535 14.972212
0.320539 14.972575
0.324603 14.972744
0.328647 14.972713
0.332706 14.972849
0.336797 14.973177
0.340968 14.973488
0.345165 14.973547
0.349324 14.973532
0.353520 14.973736
0.357768 14.974091
0.362094 14.974332
0.366420 14.974292
0.370695 14.974291
0.375029 14.974548
0.379433 14.974907
0.383905 14.975083
0.388358 14.975050
0.392823 14.975176
0.397324 14.975494
0.401910 14.975807
0.406530 14.975875
0.411109 14.975858
0.415724 14.976051
0.420396 14.976399
0.425155 14.976643
0.429916 14.976612
0.434623 14.976609
0.439389 14.976856
0.444232 14.977210
0.449152 14.977389
0.454053 14.977356
0.458964 14.977473
0.463910 14.977780
0.468951 14.978093
0.474034 14.978169
0.479073 14.978150
0.484148 14.978334
0.489283 14.978673
0.494515 14.978921
0.499753 14.978899
0.504931 14.978894
0.510171 14.979130
0.515493 14.979478
0.520903 14.979661
0.526294 14.979627
0.531613 14.979627
0.537012 14.979912
0.542530 14.980246
0.548114 14.980357
0.553658 14.980334
0.559231 14.980497
0.564863 14.980825
0.570605 14.981088
0.576364 14.981090
0.582060 14.981082
0.587815 14.981301
0.593656 14.981643
0.599597 14.981838
0.605525 14.981802
0.611382 14.981802
0.617309 14.982070
0.623363 14.982403
0.629497 14.982530
0.635593 14.982504
0.641712 14.982649
0.647884 14.982965
0.654182 14.983237
0.660510 14.983259
0.666771 14.983247
0.673089 14.983451
0.679496 14.983784
0.686017 14.983991
0.692530 14.983953
0.698964 14.983951
0.705468 14.984202
0.712104 14.984533
0.718837 14.984675
0.725534 14.984647
0.732249 14.984777
0.739008 14.985078
0.745910 14.985359
0.752857 14.985399
0.759735 14.985385
0.766666 14.985572
0.773688 14.985897
0.780839 14.986114
0.787989 14.986075
0.795052 14.986072
0.802186 14.986305
0.809454 14.986633
0.816837 14.986791
0.824188 14.986760
0.831550 14.986874
0.838948 14.987160
0.846504 14.987448
0.854124 14.987509
0.861674 14.987492
0.869271 14.987662
0.876952 14.987976
0.884784 14.988205
0.892628 14.988178
0.900377 14.988173
0.908203 14.988389
0.916159 14.988712
0.924248 14.988883
0.932312 14.988851
0.940251 14.988849
0.948299 14.989108
0.956536 14.989419
0.964880 14.989526
0.973164 14.989503
0.981480 14.989647
0.989857 14.989946
0.998417 14.990198
1.007014 14.990207
1.015517 14.990196
1.024093 14.990390
1.032786 14.990705
1.041638 14.990897
1.050479 14.990861
1.059210 14.990859
1.068021 14.991095
1.077021 14.991408
1.086154 14.991539
1.095236 14.991512
1.104337 14.991634
1.113480 14.991916
1.122830 14.992183
1.132246 14.992221
1.141568 14.992206
1.150952 14.992379
1.160437 14.992684
1.170114 14.992894
1.179799 14.992856
1.189361 14.992851
1.199006 14.993065
1.208830 14.993376
1.218816 14.993532
1.228765 14.993501
1.238718 14.993602
1.248695 14.993865
1.258896 14.994144
1.269197 14.994212
1.279410 14.994193
1.289670 14.994345
1.300012 14.994637
1.310579 14.994864
1.321178 14.994849
1.331651 14.994841
1.342217 14.995035
1.352927 14.995339
1.363838 14.995513
1.374727 14.995480
1.385465 14.995477
1.396307 14.995710
1.407396 14.996008
1.418645 14.996125
1.429826 14.996099
1.441029 14.996221
1.452276 14.996495
1.463787 14.996747
1.475375 14.996775
1.486843 14.996761
1.498386 14.996930
1.510043 14.997223
1.521946 14.997423
1.533858 14.997386
1.545617 14.997381
1.557467 14.997588
1.569532 14.997886
1.581808 14.998034
1.594039 14.998004
1.606270 14.998103
1.618518 14.998355
1.631049 14.998623
1.643706 14.998687
1.656255 14.998668
1.668854 14.998813
1.681537 14.999093
1.694508 14.999313
1.707525 14.999299
1.720387 14.999291
1.733352 14.999474
1.746475 14.999766
1.759862 14.999937
1.773230 14.999905
1.786410 14.999900
1.799702 15.000120
1.813291 15.000409
1.827087 15.000525
1.840805 15.000500
1.854541 15.000613
1.868309 15.000872
1.882409 15.001120
1.896617 15.001153
1.910683 15.001138
1.924827 15.001295
1.939081 15.001575
1.953656 15.001774
1.968257 15.001738
1.982670 15.001732
1.997181 15.001923
2.011919 15.002211
2.026945 15.002363
2.041931 15.002333
2.056635 15.002329
2.071528 15.002554
2.086790 15.002833
2.102267 15.002930
2.117642 15.002907
2.133046 15.003028
2.148491 15.003289
2.164319 15.003522
2.180248 15.003536
2.196004 15.003523
2.211860 15.003685
2.227846 15.003962
2.244194 15.004147
2.260553 15.004113
2.276700 15.004107
2.292947 15.004303
2.309481 15.004584
2.326328 15.004720
2.343113 15.004692
2.359890 15.004786
2.376665 15.005023
2.393844 15.005276
2.411201 15.005334
2.428410 15.005315
2.445675 15.005451
2.463021 15.005713
2.480784 15.005923
2.498622 15.005910
2.516248 15.005901
2.533997 15.006070
2.551920 15.006344
2.570238 15.006510
2.588544 15.006479
2.606585 15.006473
2.624756 15.006675
2.643295 15.006948
2.662161 15.007065
2.680936 15.007040
2.699715 15.007141
2.718496 15.007380
2.737744 15.007620
2.757166 15.007660
2.776407 15.007643
2.795724 15.007784
2.815139 15.008044
2.835024 15.008241
2.854973 15.008214
2.874672 15.008206
2.894490 15.008378
2.914537 15.008647
2.935027 15.008803
2.955491 15.008773
2.975613 15.008767
2.995913 15.008970
3.016650 15.009236
3.037745 15.009342
3.058727 15.009318
3.079718 15.009422
3.100709 15.009659
3.122234 15.009891
3.143941 15.009921
3.165437 15.009906
3.187023 15.010047
3.208715 15.010303
3.230940 15.010492
3.253227 15.010459
3.275228 15.010452
3.297347 15.010622
3.319735 15.010887
3.342625 15.011036
3.365481 15.011007
3.387918 15.011001
3.410576 15.011202
3.433731 15.011462
3.457289 15.011562
3.480717 15.011539
3.504155 15.011642
3.527584 15.011875
3.551618 15.012101
3.575853 15.012127
3.599848 15.012112
3.623943 15.012251
3.648144 15.012503
3.672950 15.012688
3.697825 15.012655
3.722380 15.012647
3.747057 15.012815
3.772028 15.013074
3.797570 15.013219
3.823073 15.013191
3.848096 15.013185
3.873366 15.013381
3.899183 15.013636
3.925462 15.013734
3.951598 15.013711
3.977741 15.013812
4.003858 15.014040
4.030658 15.014262
4.057685 15.014287
4.084448 15.014272
4.111315 15.014408
4.138282 15.014654
4.165933 15.014836
4.193669 15.014804
4.221049 15.014796
4.248559 15.014959
4.276371 15.015213
4.304835 15.015357
4.333266 15.015329
4.361156 15.015322
4.389313 15.015513
4.418056 15.015763
4.447335 15.015862
4.476466 15.015839
4.505594 15.015936
4.534674 15.016158
4.564517 15.016377
4.594627 15.016406
4.624451 15.016391
4.654376 15.016521
4.684386 15.016761
4.715171 15.016943
4.746067 15.016912
4.776570 15.016903
4.807215 15.017060
4.838147 15.017309
4.869831 15.017454
4.901494 15.017427
4.932551 15.017419
4.963896 15.017603
4.995851 15.017849
5.028435 15.017951
5.060873 15.017928
5.093292 15.018019
5.125635 15.018234
5.158825 15.018452
5.192332 15.018486
5.225536 15.018470
5.258833 15.018595
5.292191 15.018828
5.326423 15.019011
5.360802 15.018986
5.394758 15.018977
5.428877 15.019127
5.463248 15.019370
5.498475 15.019518
5.533705 15.019490
5.568264 15.019482
5.603132 15.019658
5.638615 15.019900
5.674837 15.020006
5.710922 15.019983
5.746969 15.020069
5.782905 15.020275
5.819756 15.020493
5.857004 15.020534
5.893935 15.020517
5.930947 15.020635
5.967986 15.020861
6.006006 15.021046
6.044223 15.021029
6.081989 15.021019
6.119950 15.021162
6.158101 15.021398
6.197223 15.021549
6.236381 15.021521
6.274812 15.021513
6.313566 15.021681
6.352920 15.021918
6.393141 15.022030
6.433243 15.022007
6.473282 15.022087
6.513173 15.022285
6.554026 15.022503
6.595386 15.022552
6.636425 15.022534
6.677524 15.022645
6.718608 15.022863
6.760787 15.023050
6.803225 15.023043
6.845188 15.023031
6.887352 15.023167
6.929652 15.023397
6.973052 15.023552
7.016532 15.023524
7.059238 15.023515
7.102279 15.023674
7.145874 15.023907
7.190484 15.024026
7.235006 15.024001
7.279435 15.024076
7.323676 15.024265
7.368909 15.024482
7.414783 15.024541
7.460341 15.024522
7.505933 15.024623
7.551440 15.024833
7.598169 15.025024
7.645241 15.025028
7.691822 15.025015
7.738580 15.025142
7.785426 15.025365
7.833513 15.025525
7.881743 15.025497
7.929175 15.025488
7.976941 15.025638
8.025176 15.025866
8.074594 15.025992
8.123973 15.025967
8.172237 15.025959
8.221048 15.026130
8.270789 15.026355
8.321546 15.026444
8.372084 15.026423
8.422578 15.026509
8.472876 15.026707
8.524481 15.026908
8.576625 15.026936
8.628308 15.026920
8.680102 15.027035
8.731883 15.027248
8.785068 15.027419
8.838521 15.027395
8.891301 15.027385
8.944334 15.027521
8.997592 15.027743
9.052250 15.027884
9.106979 15.027858
9.160574 15.027849
9.214685 15.028007
9.269576 15.028230
9.325727 15.028335
9.381740 15.028312
9.437647 15.028388
9.493288 15.028574
9.550220 15.028779
9.607926 15.028826
9.665212 15.028808
9.722547 15.028911
9.779775 15.029115
9.838549 15.029294
9.897727 15.029288
9.956268 15.029276
10.000000 15.029370
