# (TIME IN YEARS) (ICE AREA IN KM^2)
0.000000 14.947749
0.041267 14.957460
0.084691 14.970669
0.131831 14.983103
0.184681 14.983600
0.243761 14.988675
0.307899 14.997148
0.377427 15.010953
0.455722 15.017138
0.545360 15.019681
0.644744 15.026259
0.751664 15.036824
0.870101 15.047706
1.004799 15.048159
1.156963 15.052723
1.321776 15.060263
1.499507 15.071899
1.698037 15.077049
1.923374 15.079228
2.172501 15.084999
2.438329 15.093718
2.728759 15.103297
3.054977 15.103516
3.421422 15.107232
3.816476 15.113704
4.237355 15.123366
4.700870 15.129044
5.000000 15.129546
